,Year,Economic Loss (Million $),Avg Waste per Capita (Kg),Population (Million),Household Waste (%),country
0,2022,23893.759000000002,111.23966666666666,711.3126666666667,52.153,Argentina
1,2023,24941.621071428573,124.17464285714286,661.3871428571429,50.46214285714286,Argentina
2,2024,24425.67096774194,109.62806451612904,667.7664516129033,51.52451612903226,Argentina
3,2022,26995.519310344825,126.51068965517241,768.7393103448276,49.48275862068966,Australia
4,2023,28038.661282051282,116.12282051282051,715.9941025641026,52.09307692307693,Australia
5,2024,29164.745172413794,118.81620689655173,663.9055172413792,43.52413793103448,Australia
6,2022,22615.70827586207,94.32068965517242,723.03,49.92620689655172,Brazil
7,2023,24862.313555555556,121.78155555555556,719.3502222222222,49.90955555555555,Brazil
8,2024,26518.688857142857,98.76228571428571,686.1314285714285,49.25942857142857,Brazil
9,2022,27640.28741935484,104.19806451612902,730.0225806451613,47.25967741935484,Canada
10,2023,24629.651714285716,113.574,762.1674285714286,50.387142857142855,Canada
11,2024,26228.604594594595,106.66054054054054,765.8108108108108,49.44,Canada
12,2022,25815.59178571429,98.45464285714286,715.1175000000001,49.67071428571428,China
13,2023,24139.578666666665,118.90733333333334,710.4733333333334,46.940333333333335,China
14,2024,26407.482432432433,110.19594594594595,604.3643243243243,46.18891891891892,China
15,2022,27368.868611111113,123.84277777777778,716.6888888888889,50.625,France
16,2023,27791.72236842105,114.14815789473684,688.7607894736842,50.436052631578946,France
17,2024,22280.153333333335,99.60181818181819,814.1615151515152,48.93090909090909,France
18,2022,21581.317941176472,118.39911764705883,699.6417647058823,49.974411764705884,Germany
19,2023,24569.95536585366,113.48731707317071,766.5475609756098,47.03219512195122,Germany
20,2024,23403.343421052632,115.95631578947369,664.8413157894737,50.13421052631579,Germany
21,2022,25332.803055555556,114.16083333333333,658.1069444444445,49.47416666666666,India
22,2023,25744.018709677417,71.57096774193548,558.7790322580646,51.91451612903226,India
23,2024,20025.1659375,121.37375,724.671875,51.8090625,India
24,2022,25234.043947368424,107.26236842105263,677.2213157894737,52.29184210526316,Indonesia
25,2023,24811.683902439025,103.57341463414635,683.2590243902439,49.83780487804878,Indonesia
26,2024,24414.918235294117,102.98411764705882,720.1779411764705,56.46470588235294,Indonesia
27,2022,24486.524242424242,113.78545454545454,633.3187878787879,47.695454545454545,Italy
28,2023,27385.4512,109.765,763.503,50.53980000000001,Italy
29,2024,26725.12153846154,112.42282051282051,662.165641025641,49.52794871794872,Italy
30,2022,27639.08576923077,106.11653846153847,761.0649999999999,48.38807692307692,Japan
31,2023,23128.06303030303,110.89636363636363,735.2027272727272,49.40393939393939,Japan
32,2024,27630.76620689655,118.33862068965517,603.6555172413794,49.97931034482759,Japan
33,2022,25362.038958333334,103.23145833333332,755.4289583333333,50.06333333333333,Mexico
34,2023,24882.606470588235,111.8914705882353,545.4044117647059,51.43382352941177,Mexico
35,2024,27424.379523809523,103.68785714285715,750.4128571428571,50.97071428571429,Mexico
36,2022,24722.28780487805,113.42317073170733,758.0117073170732,54.04170731707317,Russia
37,2023,27901.65264705882,93.37558823529412,776.0029411764707,48.736176470588234,Russia
38,2024,22801.200540540543,118.01270270270271,772.8481081081081,50.99594594594594,Russia
39,2022,21283.532916666667,113.33375,870.2991666666667,51.36166666666667,Saudi Arabia
40,2023,25436.803055555556,112.39916666666666,755.9527777777778,51.38583333333334,Saudi Arabia
41,2024,25783.5855,127.274,644.3875,50.306,Saudi Arabia
42,2022,24452.158571428572,107.04678571428572,764.8132142857143,51.19428571428572,South Africa
43,2023,21256.520789473685,109.40842105263157,773.732894736842,49.04868421052631,South Africa
44,2024,25783.75,118.19526315789474,661.5497368421053,48.70315789473684,South Africa
45,2022,25819.267333333333,117.29299999999999,650.2703333333334,49.25366666666666,South Korea
46,2023,22946.921290322578,117.27806451612904,677.363870967742,47.45612903225807,South Korea
47,2024,23059.42527777778,112.70472222222222,691.8844444444444,49.044999999999995,South Korea
48,2022,26511.916666666668,113.09166666666667,792.0976666666667,49.162333333333336,Spain
49,2023,24900.03,105.04682926829268,703.5831707317074,48.46243902439024,Spain
50,2024,26648.947631578947,112.70131578947367,731.4902631578948,49.15736842105263,Spain
51,2022,26437.845,103.671875,724.5084375,49.398125,Turkey
52,2023,27407.49342857143,108.35542857142858,652.0,48.65942857142857,Turkey
53,2024,24694.613333333335,99.70857142857143,734.2669047619047,49.894285714285715,Turkey
54,2022,22979.910816326534,103.58387755102041,761.6753061224489,50.94938775510204,UK
55,2023,21038.846341463413,112.23024390243904,665.5212195121951,50.25341463414634,UK
56,2024,27943.2509375,99.59218750000001,800.1896875,47.84625,UK
57,2022,26753.353043478262,115.31586956521738,736.8582608695652,51.160000000000004,USA
58,2023,24431.640555555558,102.32555555555557,756.7944444444444,49.780833333333334,USA
59,2024,22462.688333333335,117.70714285714286,760.1721428571428,51.038809523809526,USA
